005974
002217
007505
000765
002138
009021
009895
007288
007176
005000
006629
007787
004451
005182
006559
001826
000357
004892
002105
004127
005204
008469
000018
003757
005010
004724
000960
005013
009564
000008
000240
008054
004615
001670
001601
001706
002121
002154
004214
000139
003747
005572
000631
008804
008451
001946
005098
000744
004044
009366
009264
002806
008625
003340
008167
002904
009146
001831
005882
002144
009765
000172
007750
005313
001848
000721
006851
006401
002455
008025
000488
003689
003930
001890
006342
000978
005232
007281
007907
005561
003079
004081
001851
005381
006075
006771
009899
007371
007099
007142
006132
006571
000279
000385
005125
000049
004334
006464
007827
003909
009011
009261
002079
001552
002871
004817
007674
008290
008435
000594
002872
007500
007952
002813
003716
006600
005207
007053
007769
005287
001857
003375
007464
005132
008664
000642
003928
008366
007730
009300
005476
006253
001994
000939
004040
003486
008305
006024
006257
008830
004311
001391
009284
005775
000945
006544
003148
005886
008276
002216
009263
008407
000853
002856
003080
004590
006913
007604
008270
004666
007257
002746
003318
008245
004306
009206
006672
001812
001879
002903
008347
002198
001232
000614
004619
008540
004045
009953
005823
005059
008740
001296
003405
001037
007312
004083
005491
008198
004262
003573
002211
001560
004119
004906
003246
004957
008473
008649
006390
007476
006407
001128
000465
007794
006144
000644
000924
003520
006592
008510
007155
002010
001808
007328
006516
006809
004741
006941
001020
003158
009010
009234
009759
002921
003225
002245
007659
002570
000478
006554
001715
002150
009901
007190
005617
009110
008547
001646
004738
001039
008193
006888
001257
000124
007127
008340
003975
007957
004569
007170
001624
004556
000413
001235
005409
003718
008155
004629
008922
002890
002421
006905
000069
005808
007658
001716
004712
009478
002522
004109
002322
000985
006774
006790
008590
002964
005717
003366
001663
006655
008575
009536
003326
008377
000562
005962
008762
008791
009786
000894
002628
005537
001474
004661
001997
003046
006013
006422
007567
007771
009152
009570
004908
006287
003875
007161
009883
003286
000202
005965
003385
003833
001417
002536
003661
002205
003995
005619
009569
006199
004915
005265
003541
005498
003315
000010
001908
003825
003454
001570
004116
001123
002295
006955
007515
006817
003959
000623
008038
000115
007532
002861
007965
008551
005792
006231
002223
003878
007232
003612
007822
000727
005103
004357
008172
005096
002535
006432
001736
002979
000506
009188
009788
003702
002991
003927
001086
004128
000283
006879
000432
007722
009777
004182
004758
001155
007560
007034
001742
008520
008544
005147
006997
007037
004993
006154
008896
009513
009725
001520
006327
003650
005667
008090
001223
005205
004414
000466
000869
001399
000998
002624
004639
004048
004036
002923
004765
008348
004736
007804
002469
000724
001213
005969
002951
007784
005643
008124
001220
003345
005708
002271
003096
002309
002541
000197
007136
000254
000456
003248
002128
004153
004248
004921
006197
006288
005241
006186
006757
008561
008660
008432
006322
009633
001495
006313
003800
001354
007574
003967
003637
007550
003073
009304
009657
009820
002639
008120
007442
008828
002246
004680
001461
003904
009492
005188
007453
006080
001197
006500
000260
002985
002642
003049
001190
009292
001219
000111
002686
002839
006059
006898
009014
003217
003068
006072
007471
005366
006724
004536
004154
005490
006573
002725
002422
002828
009442
005118
002671
008170
007595
005649
001804
004740
005846
003310
008746
007978
007623
003854
004254
006998
008404
006420
006741
007303
007866
004725
005015
007912
000378
005797
009722
003171
007326
009675
008734
002560
000031
007625
007628
001055
007384
008486
008640
001791
007738
007233
007681
006155
008157
002840
008844
009768
009791
009742
001227
002177
001303
002818
004337
004947
008500
003976
006889
003633
008825
004917
002877
000253
000444
001195
001088
007268
000858
009040
006109
004620
005927
001540
005725
006273
003534
008496
002575
000116
008565
009137
009837
006746
007848
000557
004408
009730
003977
009642
001660
002081
006373
005575
002750
004156
001238
006598
002236
002950
001029
002085
005972
008941
000390
002013
005727
007844
000913
002258
008882
000698
000423
007632
006050
006193
007874
006882
002773
009363
009854
004756
001569
000837
001331
004419
005698
007737
008609
001351
000505
002103
009256
001114
005646
006546
000376
005048
000418
003535
006717
006885
007001
006039
002304
001262
007430
001019
009139
002823
006051
009474
005722
008162
006558
000286
000085
002926
004901
008899
000634
000345
000833
004755
007808
004827
007557
008195
003388
004887
008632
006872
000722
004645
005809
003241
006082
003481
003710
004668
006298
000611
001835
006452
001267
007634
000234
000495
006973
008414
009847
000152
002044
004891
008852
002543
004880
007990
002993
003463
001307
002654
007005
000252
007082
006116
006779
002317
005832
007306
008656
009266
006620
000575
004838
003707
007237
008528
001058
007119
003897
008356
001253
002789
001193
001702
004640
004829
001921
003394
005798
005632
002863
003697
001188
009023
001694
002159
003559
004251
007403
000247
005174
008325
009493
007708
001428
007554
007047
007648
003916
009915
004442
007627
007960
000053
008957
000097
008839
001189
000239
005976
008689
009425
002652
000905
003257
005163
007961
006926
001425
000627
002968
003264
008850
009231
008785
001264
006194
006522
000986
006439
007110
002071
001511
004690
000144
002831
006333
007447
007450
007652
007440
000743
000974
007220
006477
009167
006002
008219
000769
005359
008431
004525
007501
009240
008543
004614
008678
009921
007395
002346
009910
005200
000079
005933
000457
001967
003929
000426
006040
006160
001133
001889
002313
009510
003019
005607
002048
006303
006870
008214
003475
007320
002065
004324
001505
006811
000001
009046
003560
006982
001035
009103
002341
005922
005694
007985
003226
003734
005017
006405
008118
006604
009127
001737
004482
001867
007397
003043
007895
001126
007340
006568
002825
005280
001411
000866
000852
002297
005442
006993
007695
004503
006744
009853
005412
004097
008546
006386
003512
002383
004063
002674
005218
006192
007085
005776
008497
007135
004854
006683
006510
008440
002052
000621
007081
004278
005555
007676
000108
009217
004485
005155
000521
005816
009158
009943
007499
004927
000440
009856
003900
005031
000569
008637
008887
005459
000536
005904
009243
002418
004294
006791
006460
003600
006795
006384
007927
007800
007962
006901
005361
002711
000600
004305
005158
006577
005999
001046
003048
006642
008375
009708
000145
006239
007782
005772
002389
009001
009260
000360
003238
004126
006613
003206
009739
008786
005427
002687
000022
005802
005126
003104
009653
004858
000736
005347
003746
006843
008566
007240
009118
009530
008059
004561
001566
000916
001993
002909
005896
002736
007955
003883
002402
003590
008490
005422
008396
008463
008928
003725
001076
002822
003438
001748
001655
004362
004282
004550
007055
002029
004932
004299
007238
007496
000364
006853
009182
008113
006415
007783
004769
002688
004080
003724
003136
001929
001645
003893
001820
005545
009803
005534
005857
000824
007492
005046
009322
005354
004809
005317
009840
005148
003179
005690
008459
004289
006019
004894
002996
003423
009575
006653
007387
005734
002562
009538
004925
005842
001891
005324
008705
006328
008901
002769
007700
001760
004989
006376
003670
000708
000350
002301
004909
006644
008650
009183
001623
000175
002538
007044
007473
000475
003920
002557
000561
000844
002692
000137
002928
000572
003538
004862
007066
000135
003384
005252
007407
008820
009361
009495
004107
006539
004002
008460
003884
002708
001581
004445
007485
004757
007945
008821
000371
001909
005795
003989
002876
005044
009798
003198
009783
000715
005665
001379
008577
001278
004308
004217
003952
006302
000487
003547
005642
006496
009861
003964
005810
008652
002781
000264
002110
003252
000292
003683
002440
001550
002857
005342
004068
003132
006487
002283
007774
001986
003831
003768
005621
007983
008630
006715
000497
009176
006200
009345
004261
002235
000090
004469
004462
004703
007218
008619
000759
008277
001283
002811
004975
007027
007333
009525
006205
000002
008583
007846
008767
003084
006754
001959
004504
006315
007701
000398
000957
005228
008580
005733
003908
005472
002409
001961
003364
000788
003617
004845
005580
005847
000258
008812
001852
006016
001568
003892
005626
007415
009590
000199
003764
005663
007936
002973
002622
001261
004821
000319
000449
000942
005494
002395
004173
007345
005688
006792
008516
000762
007418
001198
002319
003545
000606
000595
008591
004516
001435
006126
009751
008058
008324
008537
001692
007531
004125
002438
001216
001805
005562
004134
008703
009154
001935
001242
005035
005411
002485
001370
000819
004567
003485
005638
000835
000375
006087
006871
005119
007891
002509
007508
004180
006113
002604
008889
007469
008934
008598
002062
004822
000922
005447
001030
002453
002574
002623
004098
007293
006453
005462
003626
002705
006165
009090
001839
000366
008898
002122
003352
005763
006118
003864
007103
007199
008013
006316
003801
009720
007816
005683
005925
003298
004210
000384
000659
004410
005021
004065
009936
005820
000511
003514
008593
008291
009391
005754
003187
007246
002426
007324
004593
008028
003940
002488
001007
006056
003471
001648
004378
004787
007195
008257
001667
001525
008946
001320
000719
004425
001974
008998
002824
000356
000548
000596
004309
005316
005506
006006
002974
006508
002753
000551
000455
002254
001422
008266
002239
006986
008455
004018
003726
007017
001681
009806
008681
005240
001476
003041
004480
005758
000271
008991
001344
006873
005677
004213
008827
003985
007635
000741
004937
007516
002242
004981
006431
005966
006048
008616
000333
006278
005394
003131
004197
007851
008448
000825
001991
002556
002911
007739
005778
007400
001138
002983
006801
000983
001781
005165
001051
002089
006356
004176
001619
007456
008046
004161
001131
000195
004252
008369
001664
000897
001033
000979
005505
001085
003075
004054
003026
002761
006054
002700
000969
005333
006863
008964
006489
009850
003649
003569
009583
001776
000757
001291
001357
003071
002031
003584
005913
001429
002740
000679
008078
007379
006881
007392
004733
001605
005512
008851
004406
009782
001533
009047
000970
009344
000502
008480
003503
007734
004784
001983
009471
004847
000043
007358
008696
005443
003414
008707
000789
007707
007850
009934
009843
000566
000126
005050
007802
006527
003730
004697
003305
005745
005726
000553
003201
000517
007589
004340
001919
001506
005335
009397
004416
004865
006729
003459
004739
001589
001998
003776
003873
009844
000421
009475
005546
005520
009535
007332
001098
006142
002850
006388
006906
005091
002790
001135
002207
000127
005375
005030
001740
008567
009226
001914
004233
008916
006081
009925
009555
009381
009553
005532
001876
008152
001751
006293
008215
007726
003542
009111
008353
008539
005127
002998
001530
001356
008228
009660
000339
005206
004684
006127
008907
006700
005987
009277
007716
000217
008233
000166
008274
009857
004353
006977
005198
009760
001218
009728
005777
007060
009294
004505
001449
001416
008780
002489
002672
004772
009892
008153
009640
001482
008134
004124
005967
009346
007209
007252
000696
007651
006651
002764
003880
006776
007761
000784
001863
005671
008099
001703
002733
004952
009383
009769
007896
006403
008488
007069
002339
007832
001016
003666
007478
008881
003914
002945
008778
009216
001006
002506
003245
007669
008704
000425
005942
004734
007690
001900
004572
001134
008070
004795
007391
009081
005876
000886
007989
002498
006936
004358
001865
007882
006737
003720
006650
000281
001059
007780
008126
005074
006076
001687
008700
000056
003358
004070
000315
004235
008265
005008
004586
003230
001459
008531
008016
006031
005308
000087
006927
007134
006830
006686
004874
006745
002576
007181
004350
005428
006733
008464
002040
002434
000176
009931
004923
003652
004781
007096
004965
008436
008788
007352
001322
002162
006630
005982
006856
002074
000441
000568
006832
001132
009203
009680
000956
005656
008611
008737
009280
003402
007719
003513
001217
000342
000649
009689
002005
007309
007102
007441
008594
009694
005915
000669
001081
003266
005372
005377
006032
006263
006951
005357
005012
006574
008176
007860
002582
003738
005400
005900
007689
002729
002949
002548
005139
005587
006143
005681
009390
000103
006581
005493
004884
002388
002014
005225
001246
002414
003858
005123
001917
007151
008651
005558
009314
005924
001516
009672
000781
001731
008073
009674
006984
007192
001167
001005
008897
005105
004435
000624
007221
003368
001478
004059
004918
005955
004545
006101
006834
000293
009701
008304
005670
009741
006347
003568
002195
000362
001535
003297
009319
009696
004460
002927
006336
004970
004290
009430
001910
008147
003249
006525
000238
000779
002902
003853
003823
009690
007994
004752
001255
007717
003197
002592
001868
000186
000290
005720
000938
000422
001596
004422
004062
007797
008745
009320
004599
009340
009395
001957
007569
001087
008508
007665
003372
009077
009384
004381
003852
004547
001423
002581
000539
009083
005334
000453
008131
004924
004401
007175
001070
006106
003319
002398
003332
009143
000313
001704
001487
000617
009329
002431
004546
009903
003980
006457
006723
003553
007714
007880
001583
004382
005152
002026
008418
005883
006152
007404
005926
005570
001111
005213
007083
000393
008239
009380
005075
006535
009740
008092
004476
005689
003383
003999
001811
009521
002035
006780
006582
009028
006514
009824
006412
007364
009486
001620
002698
002860
004319
009539
002390
004112
005946
001469
003680
000881
005166
009873
006360
003583
008754
001621
003739
004899
007235
003483
006021
001790
002303
008358
006358
009402
003968
004079
008895
003647
001302
005120
002530
007643
006961
007982
008963
008605
001376
006938
003168
002601
003677
000751
008666
001159
004240
006310
008697
001668
006823
002264
007951
006271
000773
003431
005157
007871
004489
006705
004726
002930
006256
008411
005049
009473
007368
004843
007817
006894
004582
009451
007973
009134
004959
008657
006164
006410
003220
006093
004456
008668
003267
002050
002175
001767
006047
007534
009818
001709
002724
002033
000547
002550
001285
003302
004041
002185
004920
000027
005785
003263
007686
001546
002787
009770
007887
007402
003221
008018
002141
007272
005834
004575
001600
006616
003196
009428
003607
001454
008782
008693
008912
008977
009608
004475
003934
000864
004621
006454
009310
005835
005458
005196
008128
008380
002552
000471
009928
004030
005748
002360
004236
006513
007752
004855
005553
004663
000909
003208
009506
008994
002851
007420
003283
006169
007837
005993
005480
009563
007423
004072
005958
008938
001355
006380
000604
000807
007539
008149
008659
009661
002032
003523
001150
000567
001153
003505
005172
005237
005238
006308
004771
006614
007014
005691
008109
008641
005973
004260
002685
001637
004695
005256
006044
004090
002527
008080
007124
005066
009919
007711
008719
001047
004208
000809
001306
000076
002511
005164
007178
004713
003172
000442
001271
005117
005277
000758
009771
009957
009929
001969
000151
001319
004573
003174
008918
001815
006426
009335
009462
000341
003610
002925
001363
004022
006399
006003
009871
008303
004053
004426
000618
001297
008371
001947
005201
006732
004465
001923
009122
009802
001065
008249
000639
002620
005633
002521
001440
009038
003775
000841
008421
009812
006138
003328
004638
006521
007549
006383
009766
000538
009071
000201
003478
005415
005456
008240
002918
000732
001838
009522
002638
005709
009025
001549
002007
006022
004074
004811
002188
007823
000405
000580
009487
006846
006897
004610
009258
000785
003322
005301
005339
001471
000988
004774
006992
007444
000100
006226
004395
000351
005227
005712
006713
002726
004934
006354
004667
009026
006057
005299
001117
009088
006461
002819
000981
000839
002386
005503
002349
009057
001013
001939
003867
007646
003777
009142
000383
008185
009096
008104
008201
003745
001256
007010
007828
005567
007076
003123
009385
002143
001616
009534
005041
008511
001720
000706
002262
003676
006345
001373
008952
004234
005501
009716
003631
004026
006767
001308
000205
009529
008789
007226
001562
004933
003115
006675
006770
000280
001026
008143
000377
000716
001743
007338
008787
004635
009298
009190
004819
002972
003922
002929
003744
005504
001564
006010
006692
003020
003668
006978
008792
000976
000415
003742
008399
009814
001392
003081
005959
003819
002018
003182
004297
007583
008986
003592
009321
002526
008136
004533
001701
003799
004086
007207
000204
005692
001196
007412
003894
003295
001500
007944
005937
007495
000994
002412
008181
008133
001446
004328
003387
003804
004564
000927
000914
005703
006788
000119
006414
006528
004335
001508
003896
005154
006334
005184
007616
000646
004608
003125
007825
003480
009210
007894
008802
000273
009132
007463
000701
001180
003474
003851
001987
004084
004103
004199
008972
009552
005251
006537
008288
006052
002229
007290
000683
008893
000397
000168
009927
007725
005890
008777
003955
007829
000884
007562
000243
008574
006818
001054
005759
001169
008471
005678
007316
008020
005142
005187
008000
000636
003933
004071
004330
004864
005634
001763
005986
007472
007756
007188
002661
004374
004403
003630
000299
005460
005751
006960
001372
002596
008751
006394
007030
003251
007382
002269
001496
008165
002865
008234
002189
002225
007041
000447
003785
008505
009907
000615
009198
007542
003557
003237
007733
008599
008984
006083
001243
007061
007112
000629
000570
003324
008458
006957
008378
000607
002701
004313
009625
003312
006624
006195
001966
007766
005596
000196
008394
006831
003836
007561
008088
005089
000058
001912
003314
003558
008816
000692
008947
004144
002660
003910
005827
006361
007488
009624
002428
004453
008538
002862
000638
004366
002008
005022
009893
007934
005321
004871
002160
001245
001489
003531
005602
006498
000191
004881
002294
006406
001382
007830
005706
006589
002115
004681
000226
005598
007137
007269
002093
007339
007393
009012
003766
007818
005211
006178
001794
000723
001644
003552
007938
002231
008761
009715
006826
000664
007770
000295
003731
008845
009149
009612
009008
009364
005192
008367
004118
000856
002446
000587
002467
007881
006092
006255
002852
002830
009211
001916
009435
005399
007248
006787
003287
007310
007839
008672
009482
004875
008021
007620
000149
003701
004202
005837
009441
000096
007206
001534
004810
004159
002681
007349
009332
009948
006566
005194
008479
008156
008242
000148
005234
000310
008354
001244
000445
009074
001913
001367
009436
007609
002743
001448
005866
001366
004427
000801
000975
006317
006763
007875
001115
003770
008807
009341
005673
005533
009164
000472
006586
008256
008247
009827
005243
001519
002464
008662
001629
008183
000747
005444
008648
004440
000687
009554
008935
005610
005594
005005
002719
004914
004678
006541
009559
007930
001095
009102
009125
005193
006710
008629
005330
006168
003686
000330
000368
008278
007904
009248
007277
007913
008259
005392
005087
009061
002168
004088
008956
004744
008309
007186
008230
004893
005950
008910
009043
005479
000655
003209
002210
004415
003517
009156
009561
003901
005249
000718
006145
001996
006324
002885
009404
004418
002829
005721
005855
004804
009426
003467
007254
009267
009452
005341
005929
007321
009875
004420
006820
007967
004716
007553
002406
002981
006090
009297
009582
007253
000080
003427
008818
001551
003037
003190
003574
004853
006365
000479
003428
002780
007698
003160
002325
008945
007366
001105
005275
009165
001625
003222
000179
004317
001295
008264
000662
004813
006533
002312
004603
000006
002788
007173
007239
008030
001824
003393
006608
002396
009427
005502
008114
009170
007057
001108
002516
002980
008110
002106
005623
004130
004188
000512
005309
008726
003578
001456
004807
004114
005578
008439
004511
004589
000952
006217
006688
008674
002614
006594
006721
003304
004377
007203
008287
003276
000436
000670
004624
001578
000873
005865
006567
008685
001679
009431
005604
003501
001513
004373
005011
003570
006601
004833
002694
008420
008711
006053
006742
005403
004766
000074
003507
003456
009065
006213
009548
000542
002203
004078
006077
006232
008255
006999
000650
002252
003113
004700
002073
007015
008154
008328
009909
003076
005133
003882
002955
009673
008950
006954
007977
004314
007582
001099
002365
005661
007399
004428
006265
000346
001573
001697
006207
003173
000955
000940
002161
003787
009793
001924
008027
003409
005069
000014
003060
000792
007757
008363
002046
003755
005650
002656
006167
006115
007341
001336
001873
007917
008846
004538
007098
009107
005151
002078
009219
003601
008677
007315
004860
002846
002118
004157
004332
000088
006640
002447
004515
007613
000803
007556
009622
001639
006691
003445
009930
003152
004056
008212
009956
003765
006467
007019
001380
001719
002799
000067
005247
002588
002882
001280
007892
001318
007755
001410
000576
007231
003192
005994
007969
004541
008246
002712
008457
004824
000673
006245
004942
001183
009784
003944
000402
006633
002707
002651
007972
002327
009757
005589
008081
002814
001657
002028
001477
005180
003166
008864
006796
003087
001712
008392
000361
001139
007981
009041
009229
003191
001173
008148
008330
001438
007661
009514
008684
008231
003769
005548
003334
003018
001507
003659
005872
003151
003917
006785
004447
001433
000227
000490
000300
001798
008589
001275
009355
009556
005916
002336
004969
008832
002602
008405
008808
009262
001943
001973
004050
008682
009697
001871
000040
007094
005943
007179
003062
003839
006854
000593
008493
007428
004665
005284
009846
000284
005635
000029
008525
008135
008990
001634
003381
000297
004501
006112
004472
005627
004870
008603
006191
003067
002771
008446
005255
001321
007353
003778
005474
007744
002331
007785
000817
001814
000348
007028
001116
002487
004132
004094
006481
004454
006451
000652
006490
001925
008763
007107
004027
009293
002370
005038
006402
004730
008870
006060
000485
001120
003619
009003
000602
008015
000584
009317
002356
003476
005616
003579
001883
006969
007862
009054
005178
001032
002084
006266
004711
001118
000386
005939
001542
000230
000045
008077
004166
005115
009682
004497
002009
002379
005261
009581
004172
004219
009095
004267
009030
002754
008954
005771
006007
002157
007993
007789
006663
002507
006493
009302
001988
005092
003234
005291
007409
004940
008712
001658
003494
002731
004101
001067
009616
000178
001884
001803
007164
005495
002920
004559
009503
006752
004594
008034
004642
000481
005949
003544
004763
008344
003741
006389
000068
008908
004844
009222
006531
008207
004583
001893
003962
003715
007529
008039
000301
008331
009360
000082
007032
002532
008869
002655
007518
003329
003903
001585
001599
003070
008507
006975
000532
005565
003543
001975
007347
003595
005295
005774
006397
006685
007342
001631
001228
008597
005891
007593
009017
003036
007120
007229
007995
008714
009130
007143
002227
009750
007355
008481
008996
009593
000586
004521
001695
000933
000883
007487
000558
000630
005513
007434
002316
005997
009838
003812
001122
006996
007251
004637
006656
005432
009415
008515
009444
002473
003527
004336
006895
009589
001089
007115
005322
003442
001672
005356
000037
001022
005051
004602
002679
007514
004721
002528
000075
005362
008357
008548
007706
005484
006137
001040
003323
001038
006793
002573
002821
006807
004042
006720
007264
002517
005382
009232
007598
001956
002363
008824
003440
001305
001856
005848
004449
000314
003097
005659
006712
005149
002883
007728
000666
008993
009922
009599
005286
009376
007591
001398
001885
003143
009601
001823
003341
000510
008035
004922
006283
001177
003719
006469
004238
007012
001606
007811
000527
009101
002275
007043
004478
007599
002292
009606
000493
003109
005800
004344
001359
000452
001527
001786
002486
001859
003025
002351
004506
006485
007942
008210
003353
008271
002510
006280
004759
000925
009505
007949
003268
004206
009423
004996
009962
006680
001788
006580
009646
009171
006659
002087
009815
001491
009951
003347
003972
004398
004444
000316
000183
006511
003615
009753
002805
006615
006634
001276
001202
004461
008111
005477
008694
004709
005523
005500
005464
006274
003033
005083
008842
008487
001389
001984
008047
008613
003035
002591
004207
005401
003602
004165
008337
000287
008949
003687
005564
008708
003378
009115
003321
000932
002429
004486
009752
000237
001034
001990
003346
001090
007893
002587
008671
000643
001419
006970
008803
000388
007287
005941
007842
006946
009885
005560
009145
008855
005386
000015
002777
008146
007026
002119
009372
008569
009453
003448
004851
009704
004006
005931
009960
001251
002610
006244
006555
007807
009119
002503
002072
009204
007131
008643
000248
000735
002060
007929
009084
000473
003761
005271
007610
002077
005282
005902
004598
009645
006701
004704
006182
008352
009253
001802
001178
002878
001558
005364
008178
005822
008721
000992
008373
001412
000704
004762
008350
000984
004802
009731
006364
004751
007975
007888
007778
004355
009626
004183
004302
007835
009804
006332
004749
000188
004688
007462
008010
004717
005100
008243
009104
003180
000798
006563
009835
005040
007377
002577
004400
009169
001368
004560
006639
002399
007588
002630
008474
005739
007291
000451
001656
000725
006237
001613
003278
007157
005556
009916
009265
008675
009744
000811
002970
003434
005060
009207
003581
006502
006991
007509
001181
004580
002849
009225
001592
009683
002147
002982
006596
001710
001031
008402
007636
008074
003888
002344
006372
005849
006561
009688
005724
007577
000995
002617
005323
002908
008829
000766
006890
000216
006036
007522
002274
005887
009607
003582
004650
007918
006494
003371
001407
005025
007378
008781
003139
005221
003400
002204
006446
006099
000990
004791
008129
001401
008192
000507
000556
005266
008579
009485
001728
006907
001063
002206
009572
008182
002053
006228
008875
004919
006326
007507
002853
000840
008715
000265
005272
009937
001886
009311
000928
004061
000534
004820
002057
001869
002059
003978
000745
004399
003756
005109
004218
001700
003153
007317
000255
002298
006693
007581
002299
004775
003227
000838
004798
002111
005233
001096
008408
004554
000941
006034
006804
009821
002551
001301
006928
001023
005571
006479
005898
006540
003810
001403
008383
003101
005197
000901
003813
000846
005276
008298
003842
009779
005076
008217
004904
004729
003389
008089
001572
009912
006552
003010
005449
009044
004285
009498
004383
007301
008400
000890
002626
002076
005296
006964
003167
001547
007741
008194
005945
007319
005932
004458
009356
009652
007429
000458
006307
008894
000369
001282
004363
007645
000409
002900
004245
000821
001342
009328
009595
006743
008915
008504
003737
002892
004348
007183
002531
003281
005977
000930
000071
007156
003572
003418
002041
003795
004978
001222
004243
004641
003291
009888
001762
001452
000910
007502
008196
001538
005666
007160
002289
005390
008902
004394
001764
000861
005019
003309
009050
009357
000223
002728
003504
000703
006526
007267
008924
009135
000813
004531
004888
009811
008011
001021
006857
008321
000025
000968
000181
004096
008642
009052
001163
008097
009705
008797
004021
002742
004375
005595
002673
008283
002381
002720
007948
008861
008158
004803
007941
004657
001942
008868
009369
007273
007286
008238