000706
005678
004126
005347
004072
002128
004478
003637
004678
005459
001228
003852
004599
005638
000264
006863
005822
000426
007447
009510
004419
003220
008788
009229
001616
005206
007328
007239
004979
006785
006194
007429
000835
001753
008215
004176
009387
004048
000497
000683
008392
006655
008765
001525
004097
009535
006138
003538
005681
004855
004107
006143
002999
007257
007386
008679
002857
008662
001407
008545
001070
001874
004335
008567
005777
004188
001589
000175
008791
009648
000910
004172
006907
006955
004197
003418
008249
003766
003101
007192
001550
006796
007774
005044
006620
009473
001049
002032
006721
009188
003168
000080
002726
005174
002900
003174
005456
000617
008015
009435
006915
009529
005317
001722
007960
007674
008649
007941
008539
003833
009544
005025
007652
007934
000043
008946
009451
002131
003720
003562
000485
005491
004417
004762
007290
008239
002211
004114
005411
007534
000585
000504
007392
002434
009256
006692
007254
008458
001838
003217
000018
005671
006245
005087
007220
002072
005477
002985
008354
009672
009779
008832
006742
002557
009760
005005
006594
003006
008864
003389
001380
001763
004420
004996
003583
005748
002498
009640
004208
003070
002295
003602
007698
008941
001826
004056
003850
008527
005041
008934
001645
003235
005523
009211
004153
008412
005334
009744
005468
002538
003572
005635
003251
007948
007377
001856
009742
007203
001347
002274
008362
007783
000402
007757
006752
007949
006659
006063
000371
006820
000561
007342
000010
001696
006122
005942
008641
005095
009056
009521
009399
006126
006008
001016
005002
002863
001448
004182
001703
005172
003414
003474
008018
001320
009277
000472
009170
005012
008111
003426
007017
007823
005972
003237
000744
006080
008395
001487
008907
000006
003501
006121
000596
001431
000844
002509
004042
007221
007233
009428
005482
007229
005965
006817
002204
005316
009219
005896
002431
008493
005500
004362
003267
007598
003853
009804
003364
003633
003459
003486
009104
005382
006356
002353
003312
000126
002031
008339
002081
007209
008243
001641
008812
004314
007110
003764
007364
001180
004716
009564
006048
005528
005000
009583
000254
004932
002414
005197
001500
002560
009806
001592
002073
006641
005472
008781
001411
003649
000265
002773
007730
008868
003782
007957
000976
001698
007609
007173
007634
009169
006957
008231
009818
004515
000425
004757
008055
005659
005126
001527
003755
006342
002488
004383
008915
009592
005555
009395
000650
003482
009548
009384
009915
000418
008274
007015
008800
006145
009201
000765
002138
007766
002708
003353
007124
007202
004988
008025
004744
004957
003091
000852
009608
003734
000866
005070
008711
003512
003581
004444
008501
002506
002521
001473
007794
003659
007047
002622
000511
002970
004447
002312
003180
003626
001155
004758
007404
001921
005708
000299
004395
006110
000068
003819
003471
006544
000183
000718
001913
004698
006778
009601
001695
003989
004733
008652
006200
000602
001108
003560
002701
000253
007353
009802
004806
004501
001340
006451
005886
007554
005516
004922
007368
001783
005141
003607
004109
004394
001198
005196
000453
003520
005409
006031
003055
008658
004462
003062
005400
008059
009730
007268
001342
001549
007962
001679
004917
005832
004378
005113
009431
009817
008623
006378
002010
002303
009154
009957
001189
007395
003225
007176
000649
000357
005422
003795
003612
008694
000587
001120
006467
002325
009149
006558
000861
005019
007360
009674
008183
006082
003962
002077
006006
007399
003192
000856
005775
006977
009207
002319
001823
005074
000724
008337
002250
001178
003431
003478
004348
005876
004084
004764
005295
005256
006613
002467
008399
004485
006390
002905
002189
002517
009705
005255
008818
005399
009777
003686
002246
002925
008382
004435
006770
006014
001869
002862
009119
002768
007706
000692
004817
008677
006651
009696
004398
007320
007549
001744
000479
005598
002971
000732
001410
004583
008460
006724
006897
005587
001546
008154
002894
007269
007548
009340
001997
009853
003928
004402
009722
004677
004883
007707
005291
007366
009025
005966
002040
001253
009304
000283
000487
003125
002752
003179
004062
007591
003934
000213
006053
004802
003534
007001
009829
003559
007541
008678
008591
008916
008419
003388
006592
007317
008869
000096
008908
009791
009835
003976
007504
007469
006791
007455
001764
008515
008611
001943
005498
001322
007625
009812
000201
002756
009226
003371
008578
003096
003494
003592
001474
001256
002057
004305
002874
002400
005973
002161
007807
001295
005976
002457
001252
006297
004161
001368
009474
007195
000836
005198
005170
000586
006522
009509
003319
005855
004018
007945
005117
000166
000803
008851
003208
007681
000029
008583
006322
008242
001117
000533
004045
002071
009723
003938
008418
000766
003068
004225
003823
002707
005703
009369
008469
001000
006340
006993
007708
007561
001863
005284
000652
003785
003882
001710
001262
004262
001477
001566
003033
002818
008992
002743
008540
006090
009130
004355
006397
001792
003460
000944
001613
000388
001728
007453
000638
009899
002167
002877
003084
004236
004942
007151
007805
003967
008487
004619
009875
001924
003152
009313
004864
004413
003804
000106
007936
008073
005458
004374
000053
009471
004079
004381
008528
002587
007930
000216
007966
006640
001328
004870
008990
009903
004642
006358
006642
007913
004787
006464
009364
006905
003600
009453
009547
008217
003687
003922
001626
006710
004829
006453
002809
006226
007701
009574
005228
001786
002313
007787
000058
003291
004278
004865
004614
005287
003048
006017
000088
006517
007985
003049
002349
004598
005038
003340
006830
007648
000990
000538
004288
009539
003315
007428
000339
006384
002562
008721
001917
002846
003264
008289
008198
004813
001065
008714
000092
001663
000985
009009
006085
004022
004669
001301
008135
008133
004915
000725
001513
004665
001181
000248
007716
002591
005364
002236
003132
002113
004791
003306
005125
009402
000342
006750
008563
004774
004173
002338
004099
009943
000127
008358
005974
002087
009827
003676
007136
009556
003661
004115
007595
000301
003167
005294
008824
009883
008228
000001
003467
006853
008496
005377
002430
007782
007789
003060
000825
001202
000578
008673
007434
004238
004589
006327
005567
001098
005690
009430
008507
007181
003666
006273
000988
006114
008754
001339
005711
003502
001089
007278
008950
006573
009275
008546
002797
006324
003166
008697
002044
002949
005724
009534
005628
001005
006490
000640
002133
003707
001990
006207
006715
002242
003201
006244
006144
006308
003975
008411
004353
005512
005809
008201
007175
007312
001534
000643
001687
002522
009492
000186
005462
003652
004504
009506
005362
001037
001177
003999
008597
001447
007313
003742
001923
004731
004780
002698
007354
008161
006024
000723
001188
009669
005926
007661
000795
008852
005610
009688
001030
007164
009040
003281
001552
005282
008451
006373
009704
007608
005999
000441
004925
005533
009204
000646
004810
003317
003601
005569
002406
001435
009662
008357
009815
009021
005133
008681
001655
000290
003153
005675
002297
006779
001242
008802
009248
007286
004165
006895
007522
001165
000412
002993
007607
003542
006513
002535
000291
004881
005643
008504
000572
009948
009363
000067
002231
002065
000351
007085
004059
000280
005249
001389
008393
008195
002149
006954
004218
008187
006432
009856
005557
001876
001609
003052
005437
003884
009292
002676
003067
003035
003532
007310
005479
007231
004475
008246
008682
009798
006598
006639
005053
004064
000422
008245
002455
004219
000377
001376
009928
008870
000423
000168
005204
009183
008551
006539
002463
001169
008807
001159
008954
004118
004914
006756
006873
003641
007055
008156
000909
002876
006060
008590
001139
003739
008767
008287
009014
007201
003952
009933
007846
001926
005785
003893
006795
004401
000666
005706
007362
002079
009885
001953
002048
000495
006157
008350
005958
002066
003010
008758
006614
001705
004157
004199
003543
004569
005546
007515
000693
004736
004964
000014
002948
003018
000108
004845
002111
001433
002964
003858
003037
007569
003295
004635
009370
001623
009391
007347
004505
004781
003498
002447
009578
005046
007808
007307
002828
000384
007737
008447
007037
001319
001893
005754
008396
009203
007349
003402
007866
000223
000409
005924
006929
005900
002686
006925
006986
004989
002728
000955
004690
004862
006662
004412
005240
005709
006081
006604
003209
006441
007848
008672
008797
001767
001973
003724
003531
002440
002446
001867
009622
000478
000465
008664
001812
002553
005564
000025
000287
004428
000330
007816
007861
000481
002429
007550
003647
002198
007291
009332
004486
004725
001742
005333
002688
002742
005623
003595
004036
008158
008131
000749
004506
003368
004180
009663
006040
001715
007041
000681
007711
001094
009426
008613
008006
002269
003680
004833
005844
001489
001811
000916
005083
005634
007116
000059
000758
000957
008881
001850
002060
004921
006407
000778
002829
007581
002033
009156
004572
002781
001086
002085
003130
004363
003812
009023
007896
002390
008700
000994
006127
005959
006615
008949
009788
005060
003326
004489
002119
007401
004546
002076
007516
003894
001197
004930
008994
000415
001910
006675
009385
004482
008210
004202
008708
009847
009467
006596
006302
000883
004308
000167
006334
000345
008428
001667
009127
009260
003442
001302
009044
008935
005031
004147
002839
000606
004573
005030
007161
004933
000901
003908
006313
008669
009604
002720
004132
001505
006941
001153
001908
002118
004620
000178
000274
008432
009158
002489
003514
009135
005372
006978
006019
005548
008659
004301
001496
005443
008314
009081
008903
007577
005109
007013
004078
002144
001051
003535
004899
002856
005763
001979
008020
008136
008298
008762
000621
002453
003257
006347
000708
000399
002679
006137
000069
006928
001251
004198
009338
008104
003584
006050
006423
000673
007387
005967
008090
000281
001007
004639
004426
005184
007875
008959
004919
004730
006311
008544
005927
001808
005330
006713
004713
000364
003731
006057
002528
008356
002888
002592
002840
000292
003241
006552
003697
000456
001994
008265
001859
005272
006370
008912
006336
001111
009300
008508
007471
009554
001852
005726
003104
000963
004851
004765
003479
001141
007907
003810
007277
008439
000488
002608
009498
005225
008389
007115
004276
005403
006775
004285
006178
003746
003723
004893
006403
000097
001656
008651
002262
004252
000961
003815
001040
004978
008897
009111
003571
005182
005842
007098
003822
006921
000940
001839
008334
002402
004709
003944
004904
006728
001054
001088
007301
009895
006688
004297
000897
002878
002638
009122
001743
000817
005862
009319
001491
006809
006693
001415
009234
001391
007339
004965
006559
003906
007321
009625
009849
002852
000197
004704
004908
006064
006481
000410
005616
000279
006537
007881
009846
006287
006535
001359
000160
001366
006521
002103
002623
009043
000358
004703
007316
008047
009757
007402
004289
003897
007518
008383
000636
007829
001885
001353
000098
003839
001118
005118
003776
003920
008986
002530
005612
005665
005166
007752
008165
004545
007888
000135
002777
007784
006937
005442
009344
004210
005048
007032
007542
009118
008829
004476
004775
009276
008816
006278
007616
009082
002510
006485
004266
009030
009345
007532
006399
005247
000393
006487
009284
002388
007562
009311
009124
008373
002654
003747
002911
005158
001245
003716
002660
005098
002289
001369
005692
006653
007620
009575
006720
000974
000838
006788
007393
004543
006328
007929
009341
002651
003069
005649
000809
004534
001276
005324
008977
001560
002536
007403
007487
009198
002298
005929
000641
008743
004427
003558
007665
007206
006771
007228
008321
000434
007507
008276
009487
007584
001271
009525
003505
009028
008751
000741
009489
000568
006973
007315
000517
001572
001022
005626
008378
007012
005010
006435
002581
000139
000984
001949
009570
008857
000819
008109
002771
007800
008510
009107
006310
004624
007602
009017
008394
004564
008182
009297
006669
000179
001058
003794
006239
004245
005808
004282
000542
004002
002150
003875
000891
002416
004593
008875
000181
003573
000105
009069
008489
009951
002588
000691
005943
003268
004700
006132
006317
007423
002764
000124
008259
008491
004030
007739
004366
000324
005595
008734
009953
009267
009462
000664
008821
003041
005484
009837
003761
009367
000378
008712
009305
003143
001449
004375
004888
005661
007830
005800
008516
002009
004227
002972
001179
008179
000722
005335
004248
005265
006691
009677
002568
007199
008853
001961
006498
003719
000788
002661
001625
006649
008455
002188
003914
006906
009795
006700
000751
004582
003341
007494
008234
002398
009505
000905
000356
009909
002395
000627
004294
001419
008803
003020
001844
000557
007400
005490
001038
007464
007143
002998
004629
009216
002832
003702
007240
003050
004442
009864
004032
002761
001033
004529
003203
000111
003206
001029
002227
003248
004065
005463
004461
001454
000365
003829
009321
001621
001551
004516
001991
000437
001232
006938
008593
009253
007556
005494
007337
001190
009257
000319
005810
000662
002386
002551
006142
008221
005770
007574
006271
007232
005100
004403
007142
007722
002725
006051
008404
003619
001788
008825
009844
006491
006879
003409
006191
000978
004330
000567
001564
007628
007338
006502
007867
000375
000745
006582
007769
005313
000981
008474
004290
004945
003513
000054
000922
006479
000781
003552
009050
008113
001023
002309
004127
003610
004809
005646
006228
006477
009866
008436
005691
002397
001535
002426
000873
002616
004711
008092
002746
006826
006757
000240
007689
005232
009838
008176
005321
007107
007796
003978
004154
005082
009563
000792
006877
000569
004302
008363
009595
000659
001126
008074
004811
008153
004523
005936
000639
001131
001446
003507
007251
005401
005953
004342
007237
004416
003715
005921
001219
008860
009146
007331
006790
005226
003668
007207
003951
005187
009232
003139
009441
004071
003393
004337
003940
000704
003113
004724
000255
008746
003769
007817
004975
007178
009478
008566
001884
003981
008147
001047
002787
004567
006967
004251
009404
002861
004445
005366
008777
007000
004640
005157
005553
002918
003115
006372
004096
007459
002106
008882
005962
003718
006888
005949
003744
001648
003570
002062
000252
003578
000273
005820
006034
008353
003387
001438
009680
006154
007358
009936
003842
001947
007091
001824
004608
002955
007952
008247
007096
004947
006991
008479
009775
008366
003438
004684
009010
009799
008146
006741
001003
003400
007822
000914
009890
001873
002671
000870
006193
002331
004877
000735
008828
003730
003472
005043
002059
009741
002399
006083
004414
001900
004425
008340
002052
004260
002432
009599
004249
005092
003193
009182
006857
003097
004763
004712
001983
007304
006856
000326
000467
002195
006274
007293
008134
000510
008256
008616
005733
007252
003232
004861
007170
008421
007862
008630
003378
000783
004181
004594
004738
003287
007281
003440
009552
006489
006754
002495
005751
009740
002996
003016
008845
003557
009642
001305
009821
005211
008118
000452
007456
003504
008324
005235
003081
007695
000759
004128
000116
004533
000784
005604
006683
007496
008030
007891
005415
002326
009356
002093
005737
001428
005922
007355
009380
007903
006106
000521
001238
000539
004216
003561
006268
005597
005772
002275
000199
006032
005656
009786
008629
003197
005357
002750
000457
004309
008538
007879
005432
003289
006812
001658
009436
000642
004206
000548
005571
000100
004602
008642
006729
009689
004214
005476
006982
005778
001244
003019
008547
006630
005891
002575
006368
000011
003329
002630
008830
008344
007882
007488
000998
006263
005727
007288
002222
009065
003266
005353
004554
007871
005089
002205
006979
007714
008369
006902
001959
002597
008328
005902
008904
007333
008128
002780
003224
002206
008212
009054
009475
004083
008887
009061
006798
005359
004267
000015
006364
004827
007832
007188
009782
000243
007632
005216
008371
000600
005525
009357
008167
006527
007505
000385
004124
000679
005904
009482
006054
007357
002035
003476
005296
001578
003196
007157
007842
003071
004177
008003
004641
006316
005329
007384
006946
001394
006460
000239
000618
006002
004749
008088
004557
000205
000933
006195
006303
006414
008603
001031
000316
002380
003384
004074
006723
006774
007617
001363
002203
007326
004460
002769
007452
007043
002003
003277
006801
000580
008155
007160
008902
001694
004740
006705
007282
005375
000238
008266
009925
005066
008038
004480
003322
005394
007560
003693
002823
006580
000629
002582
008238
008850
002177
001601
002014
008129
005870
008206
008893
006746
006413
003324
008149
001620
002824
002005
006294
009077
001802
006152
008070
005642
001076
004800
001318
003692
005969
006119
001956
007044
008333
008380
008240
003931
006815
002830
008309
008028
005978
001085
005767
006600
006496
002327
009765
001984
004838
004887
005898
005069
001403
006936
007747
002018
004410
005322
000611
007340
004538
001067
006744
007839
006307
008193
009057
009233
002240
008726
005717
009228
000979
000570
006831
001519
003959
006015
008255
002160
005035
005049
009683
000785
009657
003900
009610
006528
002097
008974
001377
002148
001720
004377
007510
007993
009893
007778
008938
009165
009501
005412
008010
007582
007444
008305
001533
002950
000392
004561
009263
009125
008476
001706
001664
001379
003381
003977
003737
002573
003346
006118
006540
007750
009120
007324
000114
003873
003012
004734
000315
002147
006213
000149
005602
009937
002029
002997
002344
002612
006712
005361
008347
004835
007564
009628
006680
000350
008844
001396
009716
009750
009857
003756
004970
002981
004311
005013
009626
000853
009602
002788
002526
000421
003901
001392
006974
006408
001757
001429
005633
004531
004767
006644
007242
005127
008896
003227
009854
000272
000938
004755
007238
008963
006904
002185
000455
009811
001495
008605
002908
003156
000945
000798
001283
005188
005916
002640
005823
006574
007112
008027
008922
009381
002239
001657
002624
009403
005266
005617
002235
008303
002843
004063
005493
004637
005950
004123
008981
001581
005238
009569
000507
005051
006832
008214
009102
004144
001218
009301
003191
006525
009243
008271
005427
008486
000310
007725
007499
000493
004668
004980
002283
004388
007651
009103
005289
002409
002929
008632
006624
006422
008782
003902
001704
000566
004937
007087
001606
005560
001417
008554
008685
001820
000821
000076
001562
006811
008050
006743
007553
001709
006999
000447
001639
002159
008124
003171
009052
002314
004726
005080
007965
008361
005022
005827
003423
009768
006354
000074
005390
004568
009559
001026
006732
008574
002685
008367
009495
007983
005758
003517
000234
004603
006568
005088
006942
008855
001217
000309
002712
003955
009873
000584
007967
001890
000152
002121
002927
007102
007676
008459
009047
002831
005091
006077
000959
003399
007770
008172
002122
002078
005506
007927
004334
006199
004547
005201
005252
009728
009635
002141
004344
004250
002604
005572
008993
003123
000527
009606
008377
007835
000534
006248
000833
003278
003151
003252
005561
008022
009892
001600
007734
009589
005103
001354
007567
004874
003198
007083
006920
008102
009262
004596
006405
007627
009739
000669
007529
008537
003888
004971
003541
007378
001866
000607
005132
000925
007583
005937
002245
006052
000314
001046
000924
004454
004522
004313
002951
001760
009329
000968
004590
005151
001819
006231
007030
000562
007858
008379
009294
009041
003230
002200
003457
004393
000227
000960
004721
001478
008097
007352
005178
006996
000890
004119
003831
006554
002421
004317
007658
006763
005059
000362
001355
003046
000361
001585
005545
007977
002920
008684
008834
008937
005207
005513
006545
004934
008035
004156
002729
004054
004112
001681
007137
007412
007659
006889
001055
006173
005192
009328
005501
009355
007345
004160
003298
009231
002396
001280
000022
000451
003111
005607
003245
008441
006016
000212
000775
009720
001264
006469
005205
003527
007183
009132
009731
003448
005163
006007
004580
000204
000727
005520
002225
004021
008420
002792
009084
001851
008162
004473
007306
008579
003929
002991
009172
000953
002626
000369
008099
003221
003087
003026
009538
000773
001381
008520
002898
002821
009511
005381
001227
002650
004615
009423
000206
009840
004739
002050
008016
005464
006333
007969
005776
002687
003568
005221
004243
009317
003995
000547
000841
001886
006439
005142
003309
005698
004340
009690
008737
003590
003503
007894
005849
006500
007119
000604
002046
005276
005622
002681
008000
001020
002550
006039
004324
009612
009850
001530
008650
001222
009164
009906
002484
006454
002576
008408
003903
005466
006997
007593
004586
008580
009003
005673
006315
008304
008861
000353
006898
004081
008375
009314
004688
005627
007557
006246
009553
000028
007061
008473
001135
001570
000644
002849
007407
009274
009766
001794
005795
006663
004820
005112
003682
009803
009302
004981
002806
001769
001998
002614
008157
008205
003141
009115
005425
006984
007610
005447
008631
001596
008058
003226
007849
005670
004889
003366
001615
005286
006870
003372
007644
008257
001857
007951
003297
001939
002805
002973
006969
003187
007520
009210
005460
009901
004952
002619
007500
008331
005502
002923
000551
008343
006629
007099
005941
001993
007371
009843
002485
000202
000341
006192
009639
008998
001401
004050
002909
001737
002808
008126
009442
001914
003972
007319
009396
006505
009522
009266
000230
006526
007441
007512
007755
009093
009450
001969
007690
005279
003375
000668
008901
007514
002207
009916
002930
004891
004901
004645
005993
001946
007797
009888
002449
009934
000502
005933
009646
003736
001965
009265
000115
002230
000440
008123
008599
002819
005147
002474
005008
008910
004884
000615
006846
003059
007076
009594
008705
007759
009383
009910
004659
001235
003712
001123
003689
004306
004752
007599
000930
005712
000031
000881
001358
002617
000913
001422
002733
007837
009653
000082
003677
008918
001967
004336
005120
007287
002336
005280
003328
007169
008500
000721
008543
001790
008110
004804
001351
002541
005234
006854
006871
005154
008779
000195
003598
002008
003533
006961
007127
006650
008152
006253
009924
002983
005164
005428
008668
009633
006386
008431
009142
009008
005503
009919
000217
006927
006607
007972
000071
005994
006147
000624
005342
007508
008094
001516
007986
005354
007719
007501
001357
003079
006890
007063
006383
007248
005931
007060
000405
001246
001373
001634
003352
008148
006376
009067
001568
004819
006280
004328
008648
004070
008996
000185
001081
001798
001762
008080
000313
007391
002583
006623
006646
001929
004094
008145
001631
003095
006217
006586
002157
007405
009397
008233
007596
002959
009651
000148
000414
005774
007981
002790
004217
007630
008804
009447
007806
002229
004697
001975
003114
006581
008763
002754
009486
008325
005753
002254
004969
000737
001992
002703
009952
000182
005575
000090
001423
009416
003927
002271
000284
002543
003304
006787
008894
008740
001063
009076
000013
004993
001895
006047
009046
006875
009415
005834
006394
002904
004638
000941
007635
008405
001482
009624
007756
001048
000473
003665
007155
003579
007995
005720
003770
006292
007539
007893
007492
009770
008792
009581
001021
007604
005722
000593
005846
008532
009092
002363
001308
006446
003332
005866
002885
002473
002692
002379
005683
006205
001193
006255
009088
000335
001774
004940
007409
002394
000386
002511
006044
002105
007034
008471
007094
004319
004167
005213
009493
001735
009783
008957
004049
001087
002143
003182
004098
002926
002961
005075
001425
008964
009661
001099
002736
001039
004406
006885
002602
006656
006326
002007
002724
003029
001605
006686
008497
002822
005977
008505
008637
008945
009876
000458
001909
004299
004472
002853
004909
009320
001814
001916
008704
002137
004053
008463
008571
007218
002469
005570
001275
005689
005694
002739
002705
006116
009536
002758
006242
006672
007975
001583
000703
004465
005139
001282
001399
003172
004088
007462
008401
008745
009449
005913
000813
000995
004431
008170
008277
009660
006561
000196
001731
008089
006533
000176
004560
005955
006431
001034
004511
008178
008330
008785
009366
000697
005578
001095
003864
003136
002232
009930
001591
001032
007992
008619
004101
000506
003840
006510
001398
002168
009784
000008
006685
003943
002577
007226
008407
000512
007788
002672
009452
002922
002980
007994
005099
000907
004408
009152
009237
005299
005504
005792
006155
002620
005148
006567
006112
008600
007019
007069
009222
001321
005982
002811
002175
006823
002381
004681
003896
006197
003347
002825
003631
004103
007700
001059
006388
008013
008952
005565
001090
009652
005946
005746
007669
003348
003383
005580
003789
000970
006508
002700
006457
007053
007802
001599
001692
007973
004497
004759
004769
006518
006608
000267
007870
004068
007272
007382
008671
004613
009582
004458
004536
001344
001558
000436
006494
004467
003481
000085
005275
005925
004807
008972
009694
001372
000271
003942
006566
000536
002304
004483
006834
000932
005871
001452
009736
006365
000004
001569
008077
003238
006086
004843
003318
001574
009907
001167
001701
004234
005446
006737
009101
001925
000992
002607
000757
005837
006361
008640
009071
003480
004415
009889
009038
001115
009075
008898
004254
005677
005309
002438
006412
008406
009139
000247
007955
008184
008400
004350
006970
008675
003930
005667
003427
001013
003434
003917
004924
000811
003854
003878
003428
004159
001019
003345
000348
006861
004043
004717
000261
005883
001736
000747
004798
009665
007785
006872
004400
003832
005115
001456
001712
008984
009483
004944
007010
009074
009759
008634
003456
005241
008625
001891
001668
009425
005835
007818
003768
008928
001507
006257
009258
009095
007067
007145
004213
004918
007309
004784
005957
009033
004440
007693
009427
002883
006293
002499
003883
007978
008348
003454
009715
005847
006093
009376
009167
002210
002164
006964
003473
005218
008703
000045
004959
002080
002317
002531
003813
006160
007717
000056
003738
009682
002223
001278
008570
002258
004235
002351
004116
004657
000696
007026
008947
001261
001935
005540
003025
004007
007851
001624
007476
009793
001075
005793
000258
005594
003357
008011
008114
001831
001912
009206
005766
003075
007066
003771
001637
002789
005180
000631
002154
002475
008014
008046
000368
000366
007860
000333
007397
006951
007917
007545
009871
006312
003265
001700
001644
004858
001173
006998
007267
008219
008081
002418
002860
008657
009631
005935
001674
002341
003909
005261
000057
002286
004751
005589
008402
001966
004027
008839
003582
006923
007190
007014
006165
004456
004663
006701
000983
003263
004824
000471
008820
002673
004906
007485
002301
008041
001791
004226
005495
000383
004451
000670
001035
001538
000297
000553
002596
004875
008715
006514
006665
008666
004853
007636
008689
006546
000864
000846
007027
008780
003613
003725
005890
002674
005488
002945
002216
001919
003385
004541
006010
006283
008656
000145
000040
003615
005596
002294
003334
003394
003799
003910
005932
003800
007944
008264
005076
004261
000286
000839
003515
003733
007646
009673
008290
002252
009931
006749
007844
004556
000927
002089
005356
005534
005945
006167
007179
003036
009861
006807
001356
002601